100,3
100,2
355,3
100,1
100,0
99,3
99,2
99,1
396,1
99,0
92,3
396,3
92,2
92,1
339,1
92,0
86,5
86,4
86,3
339,3
86,2
86,1
218,1
86,0
76,5
76,4
76,3
218,3
367,1
367,3
76,2
76,1
347,1
76,0
75,6
75,5
75,4
75,3
347,3
75,2
75,1
75,0
401,1
70,3
70,1
65,3
65,1
63,5
63,4
63,3
63,2
63,1
63,0
40,4
40,3
401,3
40,2
340,1
40,1
40,0
6,6
6,5
6,4
6,3
340,3
351,1
6,2
6,1
6,0
5,3
351,3
5,1
4,3
4,1
2,17
2,15
317,1
2,14
2,13
2,12
2,11
2,10
2,5
317,3
2,2
2,0
2,16
2,1
140,1
1,3
1,1
140,3
0,442
0,423
0,408
2,8
0,375
0,359
0,349
0,344
0,322
0,243
0,0
2,3
0,9
0,386
0,383
0,429
0,310
0,305
0,341
0,308
0,304
0,303
0,302
0,307
0,12
0,438
0,10
0,8
0,402
0,300
0,309
0,299
0,298
0,424
0,297
0,436
0,296
0,347
0,295
0,377
0,294
0,366
0,293
0,340
0,292
0,421
0,291
0,432
0,290
0,426
0,289
0,410
0,288
0,434
0,287
0,370
0,286
0,397
0,285
0,427
0,284
0,416
0,283
0,372
0,282
0,431
0,281
0,369
0,280
0,411
0,279
0,332
0,278
0,422
0,277
0,367
0,276
0,407
0,275
0,314
0,274
116,0
116,1
355,1
116,3
116,5
302,3
116,7
118,1
118,2
181,3
118,3
118,5
181,6
119,1
347,4
347,5
119,3
124,0
399,3
124,2
399,1
140,0
140,2
147,0
147,2
178,3
147,4
147,5
152,1
178,5
325,3
157,0
157,1
325,1
292,3
171,0
173,0
173,1
292,1
173,3
173,5
177,0
177,2
177,3
178,0
178,2
178,4
181,0
181,2
341,1
181,4
181,5
183,0
183,2
183,4
183,6
184,0
184,2
409,3
187,0
409,1
187,2
187,3
190,0
190,1
306,3
190,3
197,1
306,5
364,3
197,3
199,1
199,2
199,3
199,5
200,0
200,1
376,1
200,3
215,0
215,1
215,2
318,3
215,4
218,0
218,2
218,5
318,1
253,1
316,3
253,3
316,1
257,1
372,3
257,4
257,5
261,1
372,1
357,3
261,3
261,5
265,1
265,2
365,3
265,3
265,5
269,1
269,2
368,3
269,3
269,5
281,0
281,2
399,5
296,3
282,0
282,1
282,2
339,5
282,3
286,0
286,1
404,3
286,3
286,5
287,0
404,1
287,2
315,3
287,4
288,0
315,1
288,2
403,3
288,4
288,5
289,1
289,2
379,3
289,4
289,5
292,2
292,5
296,0
296,2
379,1
300,0
300,2
300,3
302,2
302,4
306,0
306,1
306,4
313,0
313,1
313,3
315,0
315,4
316,2
316,4
317,0
317,2
317,5
318,0
318,4
325,0
325,2
325,5
335,0
335,2
338,0
338,1
338,3
338,4
339,0
339,2
340,2
340,5
341,0
341,4
341,5
343,1
343,3
347,0
349,0
349,2
351,0
351,4
353,0
353,4
355,0
355,4
357,0
357,4
359,1
359,2
364,0
364,2
364,5
365,1
365,2
365,5
365,6
367,2
367,4
367,6
368,2
368,4
372,2
372,4
372,6
376,2
376,4
376,6
379,0
379,4
381,0
381,2
389,0
389,1
389,3
389,4
393,1
393,3
396,0
396,4
396,5
397,1
397,2
397,4
399,2
399,4
400,1
400,2
400,4
400,6
401,0
401,4
401,5
402,0
402,2
402,3
402,5
403,0
403,4
403,5
404,2
404,5
404,6
405,1
405,2
405,4
407,1
407,2
407,4
407,5
407,7
407,8
408,1
408,3
408,4
409,0
409,2
409,4
408,5
408,2
408,0
407,6
407,3
407,0
405,3
405,0
404,4
404,0
403,2
402,4
402,1
401,6
401,2
400,5
400,3
400,0
399,0
397,3
397,0
396,2
393,2
393,0
389,2
381,3
381,1
379,2
376,5
376,0
372,5
372,0
368,0
367,5
367,0
365,4
365,0
364,4
359,3
359,0
357,2
355,2
353,2
351,2
349,4
347,2
343,2
343,0
341,2
340,4
340,0
338,5
338,2
335,3
335,1
325,4
318,5
318,2
317,4
316,5
316,0
315,2
313,2
306,6
306,2
302,5
302,0
300,1
296,4
296,1
292,4
292,0
289,3
403,1
289,0
288,3
288,1
287,5
287,3
287,1
286,6
286,4
286,2
282,4
339,4
296,5
281,3
368,1
281,1
269,4
365,7
269,0
265,4
357,1
265,0
261,4
261,2
261,0
257,3
257,2
257,0
253,2
253,0
218,4
215,5
215,3
353,1
353,3
200,2
376,3
199,4
364,1
199,0
197,2
197,0
190,2
349,1
349,3
187,1
184,3
184,1
183,5
183,1
181,7
183,3
181,1
178,6
178,1
341,3
177,1
173,4
173,2
171,2
157,3
157,2
152,3
152,2
152,0
147,3
147,1
140,4
124,3
124,1
171,1
171,3
119,2
119,0
118,4
302,1
118,0
116,6
116,4
116,2
0,417
0,273
0,368
0,272
0,420
0,271
0,404
0,270
0,394
0,269
0,378
0,268
0,419
0,267
0,381
0,266
0,362
0,265
0,399
0,264
0,365
0,263
0,306
0,262
0,395
0,261
0,363
0,260
0,393
0,259
0,356
0,258
0,391
0,257
0,398
0,256
0,406
0,255
0,361
0,254
0,387
0,253
0,354
0,252
0,400
0,251
0,415
0,250
0,388
0,249
0,352
0,248
0,313
0,247
0,364
0,246
0,328
0,245
0,351
0,244
0,321
0,242
0,401
0,241
0,317
0,240
0,443
0,239
0,348
0,238
0,315
0,237
0,336
0,236
0,440
0,235
0,396
0,234
0,358
0,233
0,389
0,232
0,345
0,231
0,324
0,230
0,331
0,229
0,439
0,228
0,392
0,227
0,413
0,226
0,437
0,225
0,323
0,224
0,312
0,223
0,447
0,222
0,339
0,221
0,333
0,220
0,338
0,219
0,360
0,218
0,337
0,217
0,350
0,216
0,320
0,215
0,425
0,214
0,390
0,213
0,384
0,212
0,211
0,379
0,210
0,414
0,209
0,353
0,208
0,418
0,207
0,342
0,206
0,435
0,205
0,335
0,204
0,376
0,203
0,385
0,202
0,374
0,201
0,329
0,200
0,409
0,199
0,325
0,198
0,330
0,197
0,380
0,196
0,446
0,195
0,412
0,194
0,433
0,193
0,319
0,192
0,327
0,63
0,405
0,62
0,311
0,61
0,403
0,60
0,373
0,59
0,301
0,58
0,316
0,57
0,430
0,56
0,55
0,382
0,54
0,445
0,53
0,355
0,52
0,444
0,51
0,318
0,50
0,428
0,49
0,441
0,48
0,371
0,47
0,343
0,46
0,346
0,45
0,326
0,6
0,5
0,1
0,334
0,11
0,4
0,2
0,3
0,7
